STN#,Elevation,Lon,Lat,
466850,756,121.7812,25.0712,
466880,9.7,121.442,24.9976,
466900,19,121.4489,25.1649,
466910,825.8,121.5297,25.1826,
466920,6.3,121.5149,25.0377,
466930,607.1,121.5445,25.1621,
466940,26.7,121.7405,25.1333,
466950,101.7,122.0797,25.628,
466990,16,121.6133,23.9751,
467050,20.6,121.0475,25.0067,
467060,24.9,121.8574,24.5967,
467080,7.2,121.7565,24.764,
467110,47.9,118.2893,24.4073,
467300,43,119.6675,23.257,
467350,10.7,119.5631,23.5655,
467410,40.8,120.2048,22.9932,
467420,8.1,120.2367,23.0384,
467440,2.3,120.3157,22.566,
467480,26.9,120.4329,23.4959,
467490,84,120.6841,24.1457,
467530,2413.4,120.8132,23.5082,
467540,8.1,120.9038,22.3557,
467550,3844.8,120.9595,23.4876,
467571,26.9,121.0142,24.8279,
467590,22.1,120.7463,22.0039,
467610,33.5,121.3734,23.0975,
467620,324,121.5583,22.037,
467650,1017.5,120.9081,23.8813,
467660,9,121.1546,22.7522,
467770,31.7,120.5234,24.256,
467790,42,120.808,21.9482,
467990,97.8,119.9234,26.1693,
C0A520,48,121.402,24.9749,
C0A530,300,121.7094,24.9382,
C0A540,401,121.7459,24.8928,
C0A550,460,121.8237,24.9712,
C0A560,405,121.5028,24.7762,
C0A570,360,121.598,24.8482,
C0A580,70,121.5463,24.9224,
C0A640,241,121.6629,24.9939,
C0A650,287,121.7429,25.0027,
C0A660,97,121.8011,25.1132,
C0A860,362,121.633,25.1659,
C0A870,685,121.6087,25.1322,
C0A880,6,121.9421,25.0178,
C0A890,40,121.8642,25.036,
C0A920,196,121.5653,25.2638,
C0A931,216,121.5952,25.2332,
C0A940,49,121.644,25.2236,
C0A950,118,121.9234,25.129,
C0A970,96,122.0021,25.0076,
C0A980,54,121.4697,25.1095,
C0A9A0,49,121.5429,25.078,
C0A9B0,7,121.5138,25.1163,
C0A9C0,35,121.5372,25.1175,
C0A9E0,26,121.503,25.0903,
C0A9F0,35,121.5755,25.0794,
C0A9G0,42,121.6029,25.0554,
C0A9I1,18,121.4885,25.0567,
C0AC40,1079,121.5224,25.1757,
C0AC60,55,121.3697,24.939,
C0AC70,71,121.5646,25.0378,
C0AC80,40,121.5757,25.0024,
C0ACA0,25,121.4468,25.0515,
C0AD00,86,121.5019,25.2581,
C0AD10,27,121.4039,25.1502,
C0AD30,20,121.4723,25.0866,
C0AD40,32,121.4452,24.9732,
C0AD50,84,121.3463,24.9515,
C0AG90,25,121.4904,24.9926,
C0AH00,38,121.6588,25.0669,
C0AH10,30,121.5081,25.0113,
C0AH30,755,121.7808,25.0713,
C0AH40,405,121.5771,25.1291,
C0AH50,275,121.3808,25.0722,
C0AH70,34,121.5504,25.0487,
C0AH80,68,121.6283,25.0027,
C0C460,482,121.3523,24.8202,
C0C480,105,121.3232,24.9924,
C0C490,157,121.2833,24.9287,
C0C520,151,121.1853,24.9676,
C0C540,70,121.226,25.0478,
C0C590,29,121.1533,25.0271,
C0C620,19,121.2658,25.0843,
C0C630,209,121.2655,24.8829,
C0C650,208,121.2146,24.8975,
C0C660,176,121.143,24.9124,
C0C670,250,121.2214,24.8701,
C0C680,228,121.3866,25.0285,
C0D360,523,121.2086,24.6783,
C0D390,146,121.1739,24.7982,
C0D430,87,121.0172,24.6905,
C0D480,223,121.1508,24.8497,
C0D540,227,121.1169,24.7112,
C0D550,1956,121.1161,24.527,
C0D560,147,121.0579,24.7671,
C0D570,15,120.9055,24.7469,
C0D580,120,121.0252,24.735,
C0D590,143,120.9772,24.8707,
C0D650,97,121.0436,24.9048,
C0D660,65,120.9869,24.7987,
C0E420,19,120.8889,24.709,
C0E430,258,121.0002,24.6018,
C0E520,320,120.8709,24.4149,
C0E530,341,120.766,24.4109,
C0E540,32,120.7839,24.6065,
C0E550,84,120.8854,24.5835,
C0E590,40,120.7046,24.4719,
C0E610,850,120.9302,24.4513,
C0E730,26,120.9122,24.6882,
C0E740,27,120.8648,24.6371,
C0E750,62,120.8246,24.5646,
C0E780,160,120.7909,24.4897,
C0E790,344,120.8248,24.3128,
C0E810,53,120.7485,24.5629,
C0E820,220,120.92,24.5391,
C0E830,37,120.6531,24.4397,
C0E850,104,120.9486,24.6181,
C0E860,2616,121.1132,24.506,
C0E870,34,120.8261,24.6073,
C0F000,273,120.5721,24.153,
C0F0A0,3587,121.2363,24.3886,
C0F0B0,311,120.7776,24.2761,
C0F0C0,983,120.9033,24.2485,
C0F850,379,120.833,24.2464,
C0F861,2215,121.2437,24.2475,
C0F930,100,120.6404,24.3477,
C0F970,145,120.7223,24.1731,
C0F9A0,425,120.7511,24.1036,
C0F9I0,194,120.6583,24.2725,
C0F9K0,30,120.588,24.3451,
C0F9L0,253,120.7297,24.3104,
C0F9M0,230,120.7207,24.2543,
C0F9N0,75,120.7014,24.0925,
C0F9O0,175,120.7039,24.2131,
C0F9P0,26,120.5622,24.3123,
C0F9Q0,149,120.7057,24.3478,
C0F9R0,20,120.529,24.1845,
C0F9S0,43,120.6241,24.1071,
C0F9T0,111,120.6413,24.1795,
C0F9U0,74,120.638,24.137,
C0F9V0,525,120.8158,24.2002,
C0F9X0,166,120.6245,24.2153,
C0F9Y0,3313,121.3038,24.4327,
C0F9Z0,3193,121.2687,24.3888,
C0G620,110,120.6213,24.0157,
C0G640,17,120.4305,24.0753,
C0G650,34,120.5856,23.9465,
C0G660,27,120.4791,23.9484,
C0G720,50,120.4991,23.8516,
C0G730,27,120.3761,23.9033,
C0G740,24,120.3209,23.8525,
C0G750,31,120.3825,23.8466,
C0G760,53,120.5746,23.8752,
C0G770,15,120.4377,24.0413,
C0G780,27,120.5039,24.0341,
C0G790,27,120.5523,24.0161,
C0G800,15,120.4317,24.0004,
C0G810,26,120.5255,23.9476,
C0G820,29,120.5094,23.9017,
C0G830,27,120.4528,23.866,
C0G840,32,120.5142,23.8776,
C0G850,62,120.5883,23.8568,
C0G860,45,120.5862,23.8976,
C0G870,12,120.32,23.9223,
C0G880,92,120.6173,23.8107,
C0G890,24,120.4844,24.1489,
C0H890,440,120.9524,23.9722,
C0H950,192,120.7664,23.8844,
C0H960,120,120.6809,23.9737,
C0H990,3076,121.2736,24.1213,
C0H9A0,1595,120.8437,23.5327,
C0H9C0,3402,121.2725,24.1434,
C0I010,1562,121.1818,24.0333,
C0I080,536,120.851,23.6897,
C0I090,910,120.7873,23.7281,
C0I110,161,120.6882,23.7612,
C0I360,300,120.8498,23.8126,
C0I370,671,120.9414,23.8957,
C0I380,258,120.8015,23.8282,
C0I390,1184,121.1322,24.0221,
C0I410,180,120.7014,23.8371,
C0I420,305,120.8551,24.0378,
C0I460,110,120.6792,23.9132,
C0I480,2165,121.1736,24.0853,
C0I490,1601,121.0914,23.9282,
C0I520,3860,120.956,23.4705,
C0K240,1132,120.6935,23.5956,
C0K250,59,120.3189,23.7556,
C0K280,23,120.2271,23.6304,
C0K291,8,120.1693,23.5363,
C0K330,38,120.442,23.7192,
C0K390,31,120.3956,23.679,
C0K400,65,120.5411,23.7206,
C0K410,20,120.2928,23.574,
C0K420,42,120.4674,23.8004,
C0K430,30,120.3036,23.6909,
C0K440,35,120.4089,23.7728,
C0K450,35,120.4315,23.6461,
C0K460,60,120.4784,23.6787,
C0K470,97,120.6096,23.7487,
C0K480,56,120.5024,23.7612,
C0K490,91,120.5598,23.6543,
C0K500,12,120.315,23.6498,
C0K510,10,120.246,23.5729,
C0K520,10,120.1548,23.6744,
C0K530,12,120.1976,23.7015,
C0K550,15,120.2297,23.5143,
C0K560,117,120.6034,23.6865,
C0K580,26,120.4179,23.7375,
C0M410,245,120.582,23.3244,
C0M520,15,120.2481,23.3699,
C0M530,1385,120.6993,23.4939,
C0M640,155,120.5229,23.4254,
C0M650,20,120.239,23.4346,
C0M660,40,120.4036,23.6041,
C0M670,43,120.4584,23.6006,
C0M680,37,120.3315,23.4551,
C0M690,33,120.3889,23.4197,
C0M700,150,120.5555,23.5262,
C0M710,15,120.1539,23.4589,
C0M720,225,120.5542,23.4647,
C0M730,40,120.4605,23.4577,
C0M740,15,120.2906,23.4929,
C0M750,10,120.1678,23.3809,
C0M760,40,120.4285,23.5518,
C0M770,164,120.5556,23.5854,
C0M780,30,120.3084,23.4113,
C0M790,15,120.3457,23.5533,
C0M800,440,120.6648,23.2991,
C0M810,1354,120.7166,23.3891,
C0M820,980,120.7495,23.454,
C0M830,540,120.6682,23.3838,
C0O810,161,120.4973,23.2197,
C0O830,127,120.495,23.0796,
C0O840,134,120.4009,23.2221,
C0O860,38,120.3608,23.1189,
C0O900,9,120.2972,23.1129,
C0O930,69,120.4606,23.126,
C0O950,4,120.1449,23.0767,
C0O960,112,120.3693,22.9595,
C0O970,71,120.3479,23.0214,
C0O980,18,120.2982,23.0616,
C0O990,18,120.2935,22.9918,
C0R100,1006,120.6839,22.8331,
C0R130,1040,120.7437,22.7429,
C0R140,740,120.6866,22.6829,
C0R150,105,120.6399,22.7099,
C0R160,45,120.5308,22.7396,
C0R170,26,120.4941,22.6603,
C0R190,32,120.6143,22.5923,
C0R220,23,120.54,22.5344,
C0R240,87,120.6251,22.5273,
C0R260,76,120.6283,22.3704,
C0R270,51,120.3622,22.3322,
C0R280,242,120.8368,22.0761,
C0R350,35,120.7358,21.9218,
C0R360,20,120.8022,21.9456,
C0R370,55,120.8446,21.992,
C0R380,2,120.5896,22.3694,
C0R400,15,120.6927,22.1902,
C0R420,504,120.8406,22.1678,
C0R430,31,120.4417,22.4649,
C0R470,103,120.6008,22.8264,
C0R480,57,120.5426,22.6931,
C0R490,49,120.4905,22.7405,
C0R500,32,120.544,22.5849,
C0R510,31,120.4904,22.5878,
C0R520,18,120.5069,22.5148,
C0R530,16,120.51,22.4308,
C0R540,17,120.5524,22.4195,
C0R550,38,120.5829,22.4679,
C0R560,22,120.4616,22.5434,
C0R570,37,120.5272,22.6508,
C0R580,10,120.5027,22.4859,
C0R590,72,120.4946,22.7792,
C0R600,766,120.6649,22.5882,
C0R620,34,120.8553,21.9008,
C0S680,1659,121.0392,22.9198,
C0S690,522,120.9853,22.609,
C0S700,507,121.0056,22.6849,
C0S710,382,121.123,22.9177,
C0S730,110,121.4753,22.6672,
C0S740,289,121.2095,23.1196,
C0S750,2280,120.9861,23.2484,
C0S760,1621,121.1262,23.0691,
C0S770,375,120.9433,22.4785,
C0S790,236,120.9669,22.5381,
C0S810,65,121.304,22.9727,
C0S830,288,121.412,23.2868,
C0S840,22,120.8892,22.2797,
C0S890,238,121.175,23.0395,
C0T790,2830,121.3161,24.1861,
C0T820,550,121.4956,24.1796,
C0T870,135,121.5089,23.9356,
C0T900,160,121.4415,23.8119,
C0T960,120,121.425,23.6607,
C0T9A0,498,121.5398,23.8099,
C0T9B0,558,121.5372,23.9919,
C0T9D0,8,121.741,24.2668,
C0T9E0,415,121.582,23.8806,
C0T9F0,283,121.5425,23.7971,
C0T9G0,605,121.4201,23.7353,
C0T9H0,725,121.5274,23.6829,
C0T9I0,152,121.5148,23.5839,
C0T9M0,92,121.495,23.4552,
C0U520,517,121.6413,24.753,
C0U600,10,121.7655,24.8175,
C0U620,17,121.7897,24.7437,
C0U650,442,121.5871,24.6753,
C0U710,1810,121.5257,24.5055,
C0U750,398,121.9531,24.8417,
C0U760,32,121.8331,24.5219,
C0U770,5,121.8102,24.4494,
C0U780,15,121.7979,24.6864,
C0U860,5,121.8308,24.8532,
C0U870,474,121.6751,24.791,
C0U890,116,121.653,24.6681,
C0U900,63,121.6877,24.7181,
C0U910,17,121.7937,24.6337,
C0U940,25,121.7493,24.6818,
C0U950,1012,121.7924,24.8975,
C0U970,7,121.8139,24.8006,
C0U980,573,121.774,24.8648,
C0U990,31,121.7225,24.7444,
C0V150,1163,120.6647,23.2602,
C0V210,700,120.8061,23.2224,
C0V250,270,120.5918,23.0801,
C0V260,65,120.5399,22.971,
C0V310,46,120.5192,22.8987,
C0V350,36,120.4468,22.7386,
C0V360,94,120.4668,22.9755,
C0V370,30,120.4019,22.8932,
C0V400,56,120.3555,22.8042,
C0V440,27,120.3561,22.6467,
C0V450,51,120.3926,22.5451,
C0V490,20,120.2988,22.6274,
C0V500,6,120.2859,22.5886,
C0V530,34,120.3275,22.8832,
C0V610,22,120.2672,22.7606,
C0V620,18,120.2369,22.8232,
C0V630,19,120.1826,22.9066,
C0V640,35,120.2445,22.8871,
C0V650,28,120.2464,22.7838,
C0V660,25,120.295,22.7971,
C0V670,20,120.286,22.7198,
C0V680,40,120.3477,22.7011,
C0V690,30,120.2756,22.6233,
C0V700,24,120.3112,22.645,
C0V710,34,120.3307,22.6227,
C0V720,15,120.3945,22.5077,
C0V730,33,120.3957,22.6056,
C0V740,60,120.4836,22.8886,
C0V750,50,120.2594,22.855,
C0V760,30,120.3058,22.7578,
C0V770,26,120.3466,22.7303,
C0V790,410,120.6881,22.9059,
C0V800,256,120.6336,22.9979,
C0V810,32,120.2849,22.6749,
C0W110,16,119.9807,25.9652,
C0W120,58,119.4684,23.5626,
C0W130,18,119.3228,23.4001,
C0W140,21,118.4088,24.4883,
C0W150,42,118.329,24.4577,
C0W160,49,119.4496,24.9944,
C0W170,42,120.4836,26.3588,
C0X050,25,120.3856,23.2966,
C0X060,19,120.2563,23.227,
C0X080,2,120.1451,23.173,
C0X100,10,120.1942,23.0104,
C0X110,20,120.1884,22.9612,
C0X120,28,120.2486,23.1833,
C0X130,27,120.3154,23.1932,
C0X140,17,120.2031,23.1256,
C0X150,18,120.2278,23.1026,
C0X160,26,120.2577,22.9683,
C0X170,50,120.3278,22.963,
C0X180,62,120.3633,23.0757,
C0X190,10,120.1522,22.9932,
C0X200,61,120.4085,23.0568,
C0X210,38,120.4144,23.3475,
C0X220,26,120.1822,23.2304,
C0X230,29,120.2476,23.2726,
C0X240,394,120.508,23.3312,
C0X250,33,120.3167,23.3107,
C0X260,39,120.3623,23.3664,
C0X270,33,120.3736,23.2572,
C0X280,22,120.1358,23.215,
C0X290,10,120.1255,23.2678,
C0X300,70,120.4773,23.386,
C0X310,9,120.0863,23.1473,
C0Z020,211,121.2623,23.2087,
C0Z050,824,121.2132,23.3457,
C0Z061,174,121.3397,23.3215,
C0Z070,272,121.3741,23.4681,
C0Z080,298,121.3782,23.5876,
C0Z100,36,121.5498,23.8953,
C0Z150,27,121.5952,23.9309,
C0Z160,124,121.4534,23.7461,
C0Z170,199,121.3033,23.3443,
C0Z180,34,121.6045,24.0395,
C0Z190,62,121.6297,24.1474,
C0Z200,153,121.4201,23.7092,
C0Z210,126,121.3902,23.5239,
C0Z230,31,121.7701,24.3072,
C0Z250,1124,121.3069,23.4928,
C0Z260,64,121.5076,23.8421,
C0Z270,343,121.5401,23.7384,
C0Z280,224,121.4107,23.4743,
C0Z290,946,121.3829,23.3689,
C0Z300,182,121.3055,23.2685,
C1A630,527,121.5386,24.771,
C1A730,22,121.5395,25.0144,
C1A9N0,435,121.5933,24.9342,
C1AC50,111,121.4693,25.1335,
C1C510,106,121.0872,24.9401,
C1D380,65,121.0383,24.8475,
C1D400,839,121.2839,24.7191,
C1D410,1290,121.0799,24.5794,
C1D420,1279,121.1606,24.6328,
C1D630,462,121.1192,24.7665,
C1D640,718,121.091,24.6444,
C1E451,950,120.9402,24.3686,
C1E461,1325,120.986,24.398,
C1E480,576,121.0347,24.5548,
C1E511,326,120.827,24.3477,
C1E601,125,120.7348,24.5725,
C1E670,1209,121.0028,24.5383,
C1E681,977,120.9238,24.4217,
C1E691,786,120.8375,24.4014,
C1E701,737,120.9276,24.4918,
C1E711,990,120.9017,24.3673,
C1E721,1409,120.968,24.489,
C1E770,83,120.8308,24.5269,
C1F871,1000,121.0186,24.2035,
C1F891,2205,121.0056,24.2635,
C1F911,417,120.8411,24.2214,
C1F941,2620,121.0266,24.2806,
C1F9B1,130,120.7352,24.0662,
C1F9C1,610,120.9299,24.1828,
C1F9D1,639,120.8869,24.1583,
C1F9E1,563,120.832,24.1605,
C1F9F1,500,120.849,24.2724,
C1F9G1,810,120.8484,24.1809,
C1F9H1,930,120.9458,24.2791,
C1F9J1,723,120.8204,24.0712,
C1F9W0,1970,121.1903,24.2548,
C1G690,110,120.5676,23.8161,
C1H000,2454,121.2052,24.1094,
C1H860,1840,121.1835,24.1238,
C1H900,934,120.963,24.0808,
C1H920,736,120.8799,24.102,
C1H941,630,120.8022,23.9674,
C1H971,428,120.6378,23.9251,
C1H9B1,1710,120.9947,24.1263,
C1I020,1120,121.1323,23.9798,
C1I030,948,121.0525,23.9132,
C1I050,2568,121.1411,23.7537,
C1I070,825,120.8889,23.5911,
C1I101,1810,120.8076,23.6618,
C1I121,1515,120.76,23.6784,
C1I131,311,120.6541,23.6419,
C1I140,1700,121.0879,23.7544,
C1I150,393,120.9494,23.7934,
C1I201,677,120.7121,23.7287,
C1I211,529,120.812,23.934,
C1I220,1098,120.847,23.9053,
C1I230,837,120.845,23.9619,
C1I240,725,120.9179,23.9587,
C1I250,732,120.9911,23.9619,
C1I260,601,121.0069,23.9246,
C1I280,439,120.6426,23.8208,
C1I290,1151,120.8874,23.6682,
C1I310,1033,120.884,23.7545,
C1I320,1275,121.1786,23.953,
C1I330,1266,121.0761,23.9868,
C1I340,897,120.8687,23.5633,
C1I400,1399,121.0045,24.0188,
C1I430,2415,121.2243,24.192,
C1I440,2540,120.8789,23.4787,
C1I450,3025,120.9443,23.5942,
C1I470,1680,120.7864,23.6395,
C1I500,2017,120.9949,23.8586,
C1I510,1208,120.833,23.7615,
C1K540,15,120.1805,23.5853,
C1M390,1090,120.6544,23.4067,
C1M400,369,120.5761,23.2519,
C1M480,798,120.6078,23.537,
C1M570,728,120.6202,23.475,
C1M600,986,120.6033,23.4064,
C1M610,1083,120.6635,23.4966,
C1M620,1252,120.6752,23.5451,
C1N001,24,120.3094,22.9355,
C1O850,44,120.4186,23.1486,
C1O870,1249,120.5223,23.3116,
C1O880,223,120.5941,23.1734,
C1O921,115,120.4841,23.1835,
C1R110,110,120.6452,22.7701,
C1R120,820,120.7044,22.7633,
C1R201,63,120.602,22.6671,
C1R250,92,120.6292,22.4281,
C1R290,260,120.7566,22.1126,
C1R300,13,120.8877,22.1946,
C1R320,7,120.7162,22.0744,
C1R330,9,120.6611,22.2469,
C1R340,230,120.7926,22.13,
C1R440,1654,120.7532,22.4053,
C1R610,1828,120.7322,22.6177,
C1S620,122,120.8876,22.4531,
C1S630,23,121.228,22.8784,
C1S660,794,121.07,23.1502,
C1S670,1580,121.027,23.1995,
C1S800,80,121.0233,22.6579,
C1S820,177,120.9332,22.591,
C1S850,489,121.2624,23.1221,
C1S860,516,121.0505,22.8094,
C1S870,222,121.3823,23.1503,
C1S880,474,120.8589,22.2389,
C1T800,1260,121.454,24.2046,
C1T810,2049,121.3884,24.192,
C1T830,675,121.5713,24.1718,
C1T920,68,121.4987,23.7695,
C1T940,539,121.3731,23.7142,
C1T950,1050,121.3701,23.6667,
C1T970,183,121.4133,23.6152,
C1T980,1306,121.4113,24.0233,
C1T990,128,121.3568,23.3942,
C1U501,280,121.5737,24.6378,
C1U511,492,121.6716,24.5716,
C1U670,105,121.7169,24.634,
C1U690,101,121.7513,24.6256,
C1U830,618,121.8394,24.4827,
C1U840,750,121.8485,24.5378,
C1U850,665,121.7786,24.3832,
C1U880,8,121.8719,24.9065,
C1V160,1040,120.7053,23.2798,
C1V170,3690,120.9541,23.4636,
C1V190,2700,120.9118,23.274,
C1V200,870,120.8236,23.2684,
C1V220,1781,120.8136,23.1542,
C1V231,731,120.7167,23.1349,
C1V300,1637,120.7154,23.002,
C1V340,190,120.646,22.8883,
C1V390,60,120.3678,22.8132,
C1V570,82,120.5454,22.8542,
C1V580,1656,120.7885,23.085,
C1V590,741,120.6461,23.057,
C1V600,1561,120.757,23.072,
C1V780,1050,120.7379,22.888,
C1X040,232,120.4638,23.2916,
C1Z030,218,121.3388,23.4931,
C1Z040,434,121.3274,23.4434,
C1Z110,680,121.605,24.1156,
C1Z120,62,121.5081,23.8709,
C1Z130,187,121.4928,23.9657,
C1Z240,1163,121.2676,23.4212,
